5249
2135
114028
33649
276
75633
27929
276
5249
114028
84610
73082
114028
24411
114028
114028
5249
276
11861
114028
53777
114028
5249
56247
99832
5249
114028
276
5249
114028
52030
276
276
84744
24983
276
15433
276
5249
37640
11245
276
5249
60146
3215
276
64889
100570
106231
276
106231
276
106231
49554
1988
276
102147
106231
276
118289
19868
106231
276
62216
6875
276
276
77258
106231
276
77214
106231
5249
77324
106231
95060
42210
5249
47302
106231
46373
54122
106231
66709
82818
60146
106231
32978
60146
106231
114509
5249
276
18648
276
114028
276
43636
276
114028
111453
114028
114028
114028
276
114028
276
114028
40265
114028
276
114028
276
114028
114028
6720
114028
27771
96684
65796
114028
114028
114028
114028
3204
3346
2561
110276
114028
114028
111631
114028
66592
114028
13671
14569
6720
6720
112612
6720
6720
65785
44123
6720
36387
58065
124428
37463
14405
106455
63418
55410
48904
55170
30173
6720
6720
6720
6720
6720
45160
6720
6720
41090
6720
73707
6720
276
41090
6720
6720
276
31862
6720
276
6720
276
6720
276
276
27437
6720
276
276
14031
6720
63545
6720
71742
18961
34348
276
6720
6720
276
276
83664
100591
276
276
276
100591
276
2465
48223
276
276
276
100591
2465
28845
276
2465
278
2465
278
276
278
11167
278
276
5249
2465
276
278
71492
278
276
278
25567
278
278
278
3449
124888
278
278
91518
84663
278
276
839
278
839
278
276
276
1273
85154
276
278
276
77131
278
98224
86002
85154
5249
1255
278
29577
85154
1755
86224
278
5249
276
85154
278
5249
278
276
85154
276
278
85154
105615
278
85154
105615
276
276
85154
278
1557
112230
278
45922
85154
67828
98243
45922
276
45922
85154
31964
278
16565
85154
504
69632
39196
113823
46915
42005
46915
123986
46915
46915
21831
46915
278
46915
46915
66814
49357
1309
87484
81196
16542
123601
63407
45872
81071
22472
839
76119
75864
431
839
51572
44071
89124
84127
64939
51244
109808
6720
6720
79138
6720
5249
46836
6720
55973
6720
106231
6720
57537
6720
83971
6720
6720
5249
82091
83971
6720
83971
83971
83971
6720
6720
6720
82374
6720
6720
82411
81287
83971
106231
82538
106231
106231
102592
106231
122695
45484
101373
83967
82091
54255
92734
83276
278
49524
82091
276
82091
23297
276
10115
101585
46187
276
75318
20620
82091
276
276
38226
276
99403
276
41072
276
276
16953
46547
16953
84042
51097
16953
61872
33197
83971
96808
16953
16953
68078
91398
121122
80589
87827
69317
86875
15543
67590
107669
77349
82091
114383
82091
54543
698
82091
698
82091
698
698
55127
28495
40356
77349
82091
698
36929
82091
77349
82091
698
82091
82091
698
54246
77349
698
82471
698
82437
698
82513
16953
41090
124317
2877
77349
35784
41090
5955
41090
53694
21081
41090
60146
29617
79129
59969
27137
75542
82042
518
23649
1116
278
77418
915
11714
89097
804
61008
81041
22502
41090
22502
22502
26009
22502
43548
22502
5249
1748
1748
1748
1748
804
1748
1748
41352
1748
111692
107786
40697
12469
1748
60413
95223
34760
35446
56553
1748
1748
1748
1748
111112
27808
20710
111586
39831
1748
27218
1748
1748
79522
9520
39135
20343
108611
9520
89472
20343
104581
1748
1748
1748
20343
72209
15583
47341
35446
15583
4475
47341
15583
1748
47341
1748
39007
4475
4475
4475
16953
47341
4475
6085
122816
6085
4475
4475
4475
4475
1748
4475
4475
43362
4475
10091
6085
16953
6085
122623
2981
45474
14346
5921
103332
11104
11104
11104
4475
11104
11104
10858
4475
10858
4475
4475
5921
49650
4475
10858
1748
10858
10858
73930
1748
1748
5921
72200
5921
5921
5921
5921
125268
5921
4475
5921
5921
5921
21039
23632
67361
55119
7261
49301
41159
8749
33924
18592
1676
5921
5921
5921
38860
5921
13109
68879
5921
1748
5921
5921
5921
76707
5921
72235
124259
74877
61545
5921
123394
5921
5921
5921
107469
